100
339 338
840 152
234 999
588 492
763 167
387 833
767 331
977 458
532 184
382  421
870 778
486 373
588  335
29 780
79 701
932 735
493 434
252 796
34 836
157  359
215  243
359 478
778 146
502 722
558 105
244 589
601 423
831 929
328 606
351 890
128 780
802  304
43 511
321 202
85 460
893 737
218 700
946 263
814 615
762 690
485 886
675 494
642 450
258 608
39 303
537  969
284 190
346 554
269 393
969 223
668 660
912 851
868 173
853 257
742 444
181 592
956  767
602  75
764  51
923 88
801 167
649 811
552 188
891 255
253 347
647 58
406 837
713 984
888 236
354 290
715 111
745 454
295 238
696  46
76 944
578 970
241 863
347 820
391 994
641 410
493 293
461 481
833 493
437 340
488 665
37 63
863 402
340 519
517 127
595 185
528 613
694 219
726 988
318 467
963 552
294 419
89 987
142 938
54 774
164 384
100 500 100 600 
0 999 0 999 
exit
